,Date,FB_Impressions,FB_Clicks,FB_CTR,FB_Conversions,FB_Conv_Rate,FB_Spend,FB_Revenue,FB_ROAS,IG_Impressions,IG_Clicks,IG_CTR,IG_Conversions,IG_Conv_Rate,IG_Spend,IG_Revenue,IG_ROAS,date_category
0,2025-01-01,36902,396,0.0107,50,0.1263,195.21,635.88,3.26,29635,1645,0.0555,243,0.1477,110.68,3591.85,32.45,weekday
1,2025-01-02,14073,166,0.0118,37,0.2229,158.86,401.51,2.53,12768,835,0.0654,88,0.1054,84.15,1375.25,16.34,weekday
2,2025-01-03,13821,642,0.0465,121,0.1885,191.87,735.04,3.83,13429,383,0.0285,45,0.1175,128.88,505.58,3.92,weekday
3,2025-01-04,11123,233,0.0209,21,0.0901,186.48,367.57,1.97,8926,411,0.046,72,0.1752,127.1,407.09,3.2,Weekend
4,2025-01-05,12699,547,0.0431,59,0.1079,182.26,1325.02,7.27,8638,412,0.0477,115,0.2791,62.27,2243.09,36.02,Weekend
5,2025-01-06,15485,773,0.0499,96,0.1242,159.53,2314.86,14.51,12663,308,0.0243,69,0.224,95.6,1687.24,17.65,weekday
6,2025-01-07,16834,695,0.0413,44,0.0633,105.17,553.16,5.26,13385,864,0.0645,254,0.294,122.33,2954.0,24.15,weekday
7,2025-01-08,15111,369,0.0244,26,0.0705,159.92,293.91,1.84,11055,478,0.0432,61,0.1276,171.19,1300.38,7.6,weekday
8,2025-01-09,15240,342,0.0224,52,0.152,108.98,395.27,3.63,11230,420,0.0374,30,0.0714,128.9,735.99,5.71,weekday
9,2025-01-10,15225,737,0.0484,179,0.2429,121.33,3181.64,26.22,13524,754,0.0558,205,0.2719,151.28,4586.76,30.32,weekday
10,2025-01-11,10402,515,0.0495,90,0.1748,141.36,534.85,3.78,7946,333,0.0419,85,0.2553,165.08,1944.9,11.78,Weekend
11,2025-01-12,8481,291,0.0343,19,0.0653,98.52,304.57,3.09,7295,153,0.021,19,0.1242,75.41,400.27,5.31,Weekend
12,2025-01-13,13944,217,0.0156,20,0.0922,136.04,453.3,3.33,11112,417,0.0375,105,0.2518,100.55,2926.24,29.1,weekday
13,2025-01-14,15165,717,0.0473,116,0.1618,184.93,1825.83,9.87,10815,352,0.0325,93,0.2642,124.93,2159.97,17.29,weekday
14,2025-01-15,15892,613,0.0386,64,0.1044,180.36,608.76,3.38,13418,843,0.0628,178,0.2112,127.32,1186.25,9.32,weekday
15,2025-01-16,15482,600,0.0388,82,0.1367,141.28,1366.7,9.67,11343,449,0.0396,91,0.2027,71.72,1593.8,22.22,weekday
16,2025-01-17,15785,623,0.0395,143,0.2295,187.46,2876.9,15.35,12350,822,0.0666,194,0.236,63.64,2998.7,47.12,weekday
17,2025-01-18,9227,444,0.0481,41,0.0923,88.04,911.46,10.35,9336,559,0.0599,144,0.2576,72.68,4010.66,55.18,Weekend
18,2025-01-19,10780,324,0.0301,74,0.2284,187.49,1811.98,9.66,7232,397,0.0549,83,0.2091,88.84,1219.04,13.72,Weekend
19,2025-01-20,14047,427,0.0304,47,0.1101,164.13,590.7,3.6,10991,760,0.0691,132,0.1737,95.5,2490.21,26.08,weekday
20,2025-01-21,14435,501,0.0347,64,0.1277,166.51,1037.77,6.23,13304,454,0.0341,65,0.1432,138.41,1248.75,9.02,weekday
21,2025-01-22,14878,701,0.0471,79,0.1127,97.8,1325.17,13.55,13623,589,0.0432,156,0.2649,170.55,1658.06,9.72,weekday
22,2025-01-23,16908,188,0.0111,37,0.1968,178.15,566.65,3.18,11997,193,0.0161,54,0.2798,141.14,1268.27,8.99,weekday
23,2025-01-24,15163,748,0.0493,186,0.2487,95.42,3840.31,40.25,11432,263,0.023,27,0.1027,115.14,389.89,3.39,weekday
24,2025-01-25,13225,346,0.0262,43,0.1243,175.95,545.17,3.1,8700,485,0.0557,87,0.1794,141.01,1068.14,7.57,Weekend
25,2025-01-26,10678,485,0.0454,116,0.2392,113.12,901.97,7.97,8321,466,0.056,70,0.1502,118.84,1040.85,8.76,Holiday
26,2025-01-27,14734,295,0.02,70,0.2373,191.01,1744.06,9.13,11955,414,0.0346,36,0.087,86.11,589.73,6.85,weekday
27,2025-01-28,14549,395,0.0271,88,0.2228,132.9,965.71,7.27,13097,390,0.0298,93,0.2385,89.64,2187.18,24.4,weekday
28,2025-01-29,14010,267,0.0191,14,0.0524,141.97,90.83,0.64,11413,794,0.0696,165,0.2078,72.06,4042.4,56.1,weekday
29,2025-01-30,14395,546,0.0379,90,0.1648,86.7,1223.45,14.11,11733,236,0.0201,59,0.25,106.52,1324.77,12.44,weekday
30,2025-01-31,15044,749,0.0498,70,0.0935,130.93,1187.73,9.07,13745,375,0.0273,106,0.2827,114.76,611.38,5.33,weekday
31,2025-02-01,9163,353,0.0385,68,0.1926,154.58,1634.52,10.57,11324,341,0.0301,47,0.1378,90.23,1179.96,13.08,Weekend
32,2025-02-02,10528,373,0.0354,54,0.1448,88.94,658.12,7.4,9567,295,0.0308,79,0.2678,179.52,2018.99,11.25,Weekend
33,2025-02-03,15595,491,0.0315,107,0.2179,171.82,738.29,4.3,12013,654,0.0544,190,0.2905,167.6,5011.0,29.9,weekday
34,2025-02-04,14439,635,0.044,95,0.1496,151.25,1687.88,11.16,10965,579,0.0528,96,0.1658,79.71,1741.69,21.85,weekday
35,2025-02-05,14702,602,0.0409,92,0.1528,123.88,1777.58,14.35,13754,570,0.0414,82,0.1439,61.09,1205.07,19.73,weekday
36,2025-02-06,16152,306,0.0189,57,0.1863,111.26,334.03,3.0,10880,723,0.0665,207,0.2863,81.64,3338.78,40.9,weekday
37,2025-02-07,15664,777,0.0496,57,0.0734,91.38,1240.23,13.57,11667,523,0.0448,56,0.1071,126.57,1456.86,11.51,weekday
38,2025-02-08,9077,199,0.0219,44,0.2211,185.7,731.95,3.94,9187,577,0.0628,136,0.2357,73.34,1404.99,19.16,Weekend
39,2025-02-09,9495,440,0.0463,46,0.1045,154.1,525.37,3.41,9211,193,0.021,16,0.0829,102.29,286.84,2.8,Weekend
40,2025-02-10,17132,448,0.0261,48,0.1071,103.23,1066.56,10.33,11222,339,0.0302,40,0.118,154.67,912.43,5.9,weekday
41,2025-02-11,13689,475,0.0347,58,0.1221,103.52,1104.33,10.67,11920,603,0.0506,171,0.2836,136.18,3757.24,27.59,weekday
42,2025-02-12,14011,304,0.0217,75,0.2467,95.1,653.82,6.88,11548,437,0.0378,76,0.1739,72.43,623.38,8.61,weekday
43,2025-02-13,15345,405,0.0264,34,0.084,155.62,468.06,3.01,11922,557,0.0467,137,0.246,152.54,3684.27,24.15,weekday
44,2025-02-14,16010,364,0.0227,71,0.1951,89.06,999.28,11.22,12170,437,0.0359,45,0.103,76.6,682.53,8.91,weekday
45,2025-02-15,11789,161,0.0137,19,0.118,101.9,319.42,3.13,10118,625,0.0618,145,0.232,100.28,2457.11,24.5,Weekend
46,2025-02-16,10338,108,0.0104,23,0.213,179.79,232.29,1.29,7957,199,0.025,17,0.0854,176.25,101.34,0.57,Weekend
47,2025-02-17,14604,620,0.0425,118,0.1903,135.23,1111.7,8.22,12699,290,0.0228,83,0.2862,90.68,1732.73,19.11,weekday
48,2025-02-18,16932,239,0.0141,38,0.159,114.17,748.66,6.56,11227,716,0.0638,75,0.1047,111.22,2040.87,18.35,weekday
49,2025-02-19,15755,226,0.0143,49,0.2168,185.92,648.53,3.49,11501,466,0.0405,86,0.1845,79.74,935.39,11.73,weekday
50,2025-02-20,15785,386,0.0245,26,0.0674,121.17,459.14,3.79,11774,297,0.0252,23,0.0774,83.98,438.14,5.22,weekday
51,2025-02-21,15234,432,0.0284,58,0.1343,178.67,575.08,3.22,11585,393,0.0339,81,0.2061,110.26,1076.33,9.76,weekday
52,2025-02-22,10585,487,0.046,90,0.1848,105.21,600.25,5.71,6862,152,0.0222,44,0.2895,173.07,681.6,3.94,Weekend
53,2025-02-23,10347,420,0.0406,21,0.05,172.4,213.34,1.24,8590,350,0.0407,62,0.1771,93.67,1097.84,11.72,Weekend
54,2025-02-24,17052,459,0.0269,82,0.1786,187.98,631.02,3.36,12927,810,0.0627,103,0.1272,135.35,1361.63,10.06,weekday
55,2025-02-25,15390,388,0.0252,42,0.1082,188.76,599.75,3.18,11439,441,0.0386,45,0.102,69.52,319.44,4.59,weekday
56,2025-02-26,14695,448,0.0305,95,0.2121,177.34,1896.72,10.7,12099,782,0.0646,207,0.2647,134.94,2171.44,16.09,Holiday
57,2025-02-27,14770,487,0.033,49,0.1006,176.55,634.89,3.6,11015,279,0.0253,36,0.129,171.9,837.2,4.87,weekday
58,2025-02-28,14116,339,0.024,35,0.1032,196.87,809.3,4.11,13008,463,0.0356,90,0.1944,154.29,1059.96,6.87,weekday
59,2025-03-01,10864,298,0.0274,34,0.1141,158.48,417.65,2.64,9204,195,0.0212,52,0.2667,97.85,1060.62,10.84,Weekend
60,2025-03-02,8633,109,0.0126,15,0.1376,144.4,228.85,1.58,8808,296,0.0336,57,0.1926,100.92,417.12,4.13,Weekend
61,2025-03-03,14008,261,0.0186,24,0.092,108.21,270.33,2.5,13174,761,0.0578,166,0.2181,138.09,4622.09,33.47,weekday
62,2025-03-04,16749,552,0.033,132,0.2391,154.54,1064.05,6.89,12428,804,0.0647,98,0.1219,152.71,2444.44,16.01,weekday
63,2025-03-05,13802,276,0.02,20,0.0725,103.73,377.46,3.64,10950,201,0.0184,46,0.2289,116.04,777.31,6.7,weekday
64,2025-03-06,14336,213,0.0149,32,0.1502,97.32,370.61,3.81,12075,472,0.0391,64,0.1356,123.52,1433.09,11.6,weekday
65,2025-03-07,14789,677,0.0458,168,0.2482,183.22,2110.68,11.52,11387,560,0.0492,45,0.0804,140.25,305.01,2.17,weekday
66,2025-03-08,9362,422,0.0451,95,0.2251,102.22,1084.33,10.61,9212,312,0.0339,75,0.2404,66.01,1709.53,25.9,Weekend
67,2025-03-09,13138,449,0.0342,94,0.2094,129.39,1727.43,13.35,9504,590,0.0621,59,0.1,133.25,919.12,6.9,Weekend
68,2025-03-10,13543,356,0.0263,72,0.2022,141.89,511.26,3.6,11390,273,0.024,39,0.1429,175.35,261.0,1.49,weekday
69,2025-03-11,16143,274,0.017,60,0.219,87.85,1243.9,14.16,10958,432,0.0394,76,0.1759,165.99,1482.58,8.93,weekday
70,2025-03-12,13771,555,0.0403,94,0.1694,116.5,2250.69,19.32,11152,391,0.0351,50,0.1279,64.87,707.12,10.9,weekday
71,2025-03-13,17173,811,0.0472,115,0.1418,120.89,2155.37,17.83,11521,336,0.0292,65,0.1935,126.4,402.11,3.18,weekday
72,2025-03-14,32827,1522,0.0464,319,0.2096,103.2,2399.99,23.26,28750,1917,0.0667,161,0.084,129.51,2058.84,15.9,weekday
73,2025-03-15,13335,484,0.0363,114,0.2355,146.15,2361.8,16.16,9205,629,0.0683,78,0.124,61.9,1945.84,31.44,Weekend
74,2025-03-16,8951,348,0.0389,17,0.0489,163.34,211.66,1.3,8021,311,0.0388,76,0.2444,169.01,2023.3,11.97,Weekend
75,2025-03-17,14406,578,0.0401,136,0.2353,104.66,2209.35,21.11,11691,549,0.047,106,0.1931,139.82,2365.01,16.91,weekday
76,2025-03-18,16462,630,0.0383,112,0.1778,139.52,2446.04,17.53,13026,204,0.0157,36,0.1765,93.68,403.72,4.31,weekday
77,2025-03-19,14100,166,0.0118,34,0.2048,198.72,202.34,1.02,11781,522,0.0443,133,0.2548,76.54,2220.74,29.01,weekday
78,2025-03-20,14464,683,0.0472,69,0.101,175.21,665.05,3.8,13492,640,0.0474,48,0.075,82.2,299.74,3.65,weekday
79,2025-03-21,17192,193,0.0112,44,0.228,119.75,724.65,6.05,13753,350,0.0254,82,0.2343,149.29,942.81,6.32,weekday
80,2025-03-22,10123,171,0.0169,19,0.1111,109.69,442.69,4.04,8674,476,0.0549,106,0.2227,137.01,1940.07,14.16,Weekend
81,2025-03-23,10510,448,0.0426,89,0.1987,143.83,603.25,4.19,9619,648,0.0674,158,0.2438,73.85,4311.05,58.38,Weekend
82,2025-03-24,15265,633,0.0415,66,0.1043,88.52,967.79,10.93,12558,675,0.0538,78,0.1156,147.57,1785.64,12.1,weekday
83,2025-03-25,16392,569,0.0347,89,0.1564,168.19,1648.41,9.8,12846,780,0.0607,232,0.2974,164.7,1670.77,10.14,weekday
84,2025-03-26,15494,682,0.044,159,0.2331,124.58,3496.91,28.07,12322,763,0.0619,206,0.27,96.76,4430.89,45.79,weekday
85,2025-03-27,16165,509,0.0315,31,0.0609,98.34,505.69,5.14,11099,279,0.0251,35,0.1254,146.84,844.4,5.75,weekday
86,2025-03-28,13930,558,0.0401,39,0.0699,118.43,344.48,2.91,12817,254,0.0198,26,0.1024,65.58,198.4,3.03,weekday
87,2025-03-29,9520,370,0.0389,38,0.1027,144.09,216.78,1.5,9618,331,0.0344,71,0.2145,141.61,407.8,2.88,Weekend
88,2025-03-30,9467,138,0.0146,32,0.2319,184.63,769.33,4.17,8667,406,0.0468,55,0.1355,101.85,1139.79,11.19,Weekend
89,2025-03-31,16662,615,0.0369,63,0.1024,88.4,635.32,7.19,13529,213,0.0157,40,0.1878,178.42,560.94,3.14,Holiday
90,2025-04-01,15809,463,0.0293,33,0.0713,182.54,532.71,2.92,13643,690,0.0506,64,0.0928,116.33,1077.87,9.27,weekday
91,2025-04-02,14159,244,0.0172,24,0.0984,101.77,557.88,5.48,13590,516,0.038,117,0.2267,154.56,1305.01,8.44,weekday
92,2025-04-03,15932,275,0.0173,23,0.0836,135.05,554.96,4.11,11731,291,0.0248,32,0.11,85.01,535.88,6.3,weekday
93,2025-04-04,17088,320,0.0187,52,0.1625,166.35,751.84,4.52,11917,592,0.0497,150,0.2534,115.75,1788.16,15.45,weekday
94,2025-04-05,9829,474,0.0482,65,0.1371,95.52,985.72,10.32,9687,176,0.0182,51,0.2898,101.29,787.19,7.77,Weekend
95,2025-04-06,9946,128,0.0129,22,0.1719,93.12,451.8,4.85,11286,688,0.061,188,0.2733,100.14,1852.31,18.5,Weekend
96,2025-04-07,13614,643,0.0472,53,0.0824,107.86,530.33,4.92,12194,455,0.0373,113,0.2484,158.37,791.93,5.0,weekday
97,2025-04-08,17028,782,0.0459,190,0.243,106.43,1856.35,17.44,12437,512,0.0412,44,0.0859,64.29,456.42,7.1,weekday
98,2025-04-09,16246,609,0.0375,133,0.2184,161.76,2462.77,15.22,13230,829,0.0627,85,0.1025,88.14,786.54,8.92,weekday
99,2025-04-10,15658,349,0.0223,43,0.1232,148.68,753.95,5.07,11284,720,0.0638,78,0.1083,64.91,810.33,12.48,Holiday
100,2025-04-11,16778,723,0.0431,130,0.1798,194.76,2544.97,13.07,10804,584,0.0541,127,0.2175,113.19,762.31,6.73,weekday
101,2025-04-12,10478,414,0.0395,60,0.1449,92.38,1327.63,14.37,10337,661,0.0639,131,0.1982,124.12,3575.51,28.81,Weekend
102,2025-04-13,9823,452,0.046,108,0.2389,149.76,1345.46,8.98,9943,674,0.0678,179,0.2656,166.84,1090.26,6.53,Weekend
103,2025-04-14,17201,468,0.0272,58,0.1239,151.15,977.64,6.47,11573,781,0.0675,168,0.2151,129.52,3858.87,29.79,weekday
104,2025-04-15,14408,720,0.05,162,0.225,89.84,1389.03,15.46,13491,637,0.0472,180,0.2826,179.35,3188.03,17.78,weekday
105,2025-04-16,13514,253,0.0187,35,0.1383,140.32,807.94,5.76,10809,167,0.0155,42,0.2515,163.88,904.17,5.52,weekday
106,2025-04-17,14048,307,0.0219,64,0.2085,134.55,841.34,6.25,13587,869,0.064,122,0.1404,154.96,2631.56,16.98,weekday
107,2025-04-18,13665,218,0.016,49,0.2248,173.31,310.41,1.79,12309,813,0.066,242,0.2977,171.49,5483.5,31.98,Holiday
108,2025-04-19,10930,241,0.022,58,0.2407,156.13,732.06,4.69,8258,359,0.0435,105,0.2925,113.76,884.81,7.78,Weekend
109,2025-04-20,12843,349,0.0272,35,0.1003,89.66,829.53,9.25,8236,295,0.0358,42,0.1424,129.99,926.88,7.13,Weekend
110,2025-04-21,13866,454,0.0327,98,0.2159,199.98,709.21,3.55,11054,342,0.0309,72,0.2105,128.83,1033.42,8.02,weekday
111,2025-04-22,15229,517,0.0339,42,0.0812,97.97,241.36,2.46,12642,256,0.0202,36,0.1406,87.01,298.0,3.42,weekday
112,2025-04-23,13559,201,0.0148,33,0.1642,128.86,645.71,5.01,11922,449,0.0377,52,0.1158,75.56,428.25,5.67,weekday
113,2025-04-24,13964,436,0.0312,84,0.1927,134.13,1197.68,8.93,12845,645,0.0502,171,0.2651,118.26,2396.53,20.26,weekday
114,2025-04-25,17008,380,0.0223,39,0.1026,156.59,902.86,5.77,11587,587,0.0507,146,0.2487,140.49,3659.29,26.05,weekday
115,2025-04-26,13078,589,0.045,57,0.0968,83.18,448.03,5.39,10371,253,0.0244,63,0.249,102.62,798.97,7.79,Weekend
116,2025-04-27,10517,305,0.029,18,0.059,86.37,139.89,1.62,8482,519,0.0612,40,0.0771,95.66,393.11,4.11,Weekend
117,2025-04-28,14876,503,0.0338,106,0.2107,116.14,1621.15,13.96,12119,380,0.0314,90,0.2368,171.18,2247.63,13.13,weekday
118,2025-04-29,15735,648,0.0412,61,0.0941,92.43,508.42,5.5,13195,267,0.0202,78,0.2921,76.75,1395.89,18.19,weekday
119,2025-04-30,15386,604,0.0393,30,0.0497,139.63,661.09,4.73,11940,432,0.0362,73,0.169,98.13,1872.03,19.08,weekday
120,2025-05-01,15892,590,0.0371,139,0.2356,162.11,3071.64,18.95,11835,305,0.0258,46,0.1508,142.34,832.44,5.85,weekday
121,2025-05-02,15462,769,0.0497,46,0.0598,160.76,480.83,2.99,11605,452,0.0389,68,0.1504,137.86,1369.89,9.94,weekday
122,2025-05-03,11915,531,0.0446,68,0.1281,88.0,462.78,5.26,9015,371,0.0412,78,0.2102,135.53,1059.71,7.82,Weekend
123,2025-05-04,9963,176,0.0177,38,0.2159,136.33,320.61,2.35,9971,669,0.0671,170,0.2541,76.88,2546.11,33.12,Weekend
124,2025-05-05,15066,551,0.0366,118,0.2142,152.83,2037.72,13.33,12324,632,0.0513,154,0.2437,141.24,2468.46,17.48,weekday
125,2025-05-06,15986,369,0.0231,66,0.1789,128.98,1386.37,10.75,10869,479,0.0441,85,0.1775,144.12,1614.61,11.2,weekday
126,2025-05-07,13513,181,0.0134,22,0.1215,89.99,290.64,3.23,12861,487,0.0379,47,0.0965,68.73,1010.85,14.71,weekday
127,2025-05-08,16414,340,0.0207,65,0.1912,137.69,501.77,3.64,11438,250,0.0219,34,0.136,96.5,583.55,6.05,weekday
128,2025-05-09,14995,622,0.0415,118,0.1897,122.34,1873.9,15.32,13649,518,0.038,73,0.1409,70.53,1246.01,17.67,weekday
129,2025-05-10,10033,158,0.0157,18,0.1139,143.06,190.65,1.33,7231,199,0.0275,26,0.1307,165.56,233.08,1.41,Weekend
130,2025-05-11,11182,370,0.0331,67,0.1811,156.43,362.2,2.32,7227,164,0.0227,47,0.2866,74.39,948.43,12.75,Weekend
131,2025-05-12,15383,765,0.0497,175,0.2288,126.26,3701.47,29.32,12464,821,0.0659,87,0.106,115.29,913.56,7.92,Holiday
132,2025-05-13,13778,211,0.0153,37,0.1754,123.19,599.09,4.86,11417,296,0.0259,46,0.1554,110.57,676.82,6.12,weekday
133,2025-05-14,16184,196,0.0121,46,0.2347,143.89,1121.07,7.79,11450,436,0.0381,98,0.2248,117.05,1761.85,15.05,weekday
134,2025-05-15,14762,604,0.0409,98,0.1623,194.6,2126.06,10.93,11633,700,0.0602,80,0.1143,99.84,2077.62,20.81,weekday
135,2025-05-16,15470,676,0.0437,54,0.0799,89.8,344.91,3.84,13181,830,0.063,107,0.1289,177.8,1589.85,8.94,weekday
136,2025-05-17,10450,159,0.0152,25,0.1572,102.85,245.1,2.38,9398,477,0.0508,49,0.1027,112.39,1267.63,11.28,Weekend
137,2025-05-18,13534,540,0.0399,86,0.1593,109.24,479.66,4.39,6680,333,0.0499,64,0.1922,91.92,522.32,5.68,Weekend
138,2025-05-19,17227,690,0.0401,145,0.2101,123.44,1187.8,9.62,13123,797,0.0607,116,0.1455,178.75,1277.68,7.15,weekday
139,2025-05-20,13528,636,0.047,46,0.0723,153.16,252.02,1.65,13162,693,0.0527,64,0.0924,93.51,1662.09,17.77,weekday
140,2025-05-21,14451,266,0.0184,19,0.0714,85.05,431.2,5.07,13457,393,0.0292,63,0.1603,138.48,518.07,3.74,weekday
141,2025-05-22,16800,292,0.0174,45,0.1541,187.8,764.0,4.07,10920,559,0.0512,100,0.1789,100.08,945.41,9.45,weekday
142,2025-05-23,13541,498,0.0368,74,0.1486,99.05,663.95,6.7,11044,256,0.0232,71,0.2773,94.15,1546.7,16.43,weekday
143,2025-05-24,10655,493,0.0463,40,0.0811,161.38,987.38,6.12,9104,495,0.0544,102,0.2061,156.26,1407.9,9.01,Weekend
144,2025-05-25,9705,337,0.0347,34,0.1009,100.03,178.98,1.79,10690,256,0.0239,60,0.2344,75.65,1349.19,17.83,Weekend
145,2025-05-26,14832,389,0.0262,81,0.2082,147.7,1057.11,7.16,11323,706,0.0624,202,0.2861,162.77,1940.44,11.92,weekday
146,2025-05-27,15700,307,0.0196,65,0.2117,134.88,658.35,4.88,12411,575,0.0463,90,0.1565,89.35,603.77,6.76,weekday
147,2025-05-28,13620,449,0.033,91,0.2027,140.16,2192.71,15.64,10876,207,0.019,30,0.1449,175.98,244.77,1.39,weekday
148,2025-05-29,14303,481,0.0336,75,0.1559,104.48,1572.67,15.05,11805,536,0.0454,86,0.1604,158.04,894.82,5.66,weekday
149,2025-05-30,16627,557,0.0335,101,0.1813,132.26,864.99,6.54,12253,304,0.0248,33,0.1086,101.7,387.28,3.81,weekday
150,2025-05-31,12620,171,0.0135,8,0.0468,183.53,178.14,0.97,9975,268,0.0269,20,0.0746,168.09,334.27,1.99,Weekend
151,2025-06-01,11914,533,0.0447,48,0.0901,116.71,319.26,2.74,8589,261,0.0304,64,0.2452,164.16,475.95,2.9,Weekend
152,2025-06-02,15930,236,0.0148,16,0.0678,181.63,117.3,0.65,12191,403,0.0331,82,0.2035,115.2,935.64,8.12,weekday
153,2025-06-03,16873,404,0.0239,89,0.2203,186.41,2188.02,11.74,13008,855,0.0657,64,0.0749,111.66,1031.4,9.24,weekday
154,2025-06-04,14296,407,0.0285,57,0.14,128.89,1413.84,10.97,11470,358,0.0312,36,0.1006,99.1,634.04,6.4,weekday
155,2025-06-05,14146,296,0.0209,71,0.2399,105.88,780.57,7.37,11548,276,0.0239,36,0.1304,166.23,295.07,1.78,weekday
156,2025-06-06,14830,677,0.0457,38,0.0561,197.4,558.38,2.83,12798,449,0.0351,105,0.2339,139.9,718.48,5.14,weekday
157,2025-06-07,9422,174,0.0185,42,0.2414,180.54,881.05,4.88,8310,415,0.0499,54,0.1301,164.25,1045.71,6.37,Holiday
158,2025-06-08,12545,175,0.0139,13,0.0743,165.02,165.62,1.0,8591,436,0.0508,117,0.2683,146.04,1039.75,7.12,Weekend
159,2025-06-09,14215,661,0.0465,67,0.1014,130.84,746.57,5.71,13475,678,0.0503,199,0.2935,129.67,3879.13,29.92,weekday
160,2025-06-10,15708,173,0.011,37,0.2139,182.79,412.63,2.26,11788,526,0.0446,41,0.0779,119.54,423.18,3.54,weekday
161,2025-06-11,14036,212,0.0151,15,0.0708,175.63,219.34,1.25,11095,339,0.0306,80,0.236,77.26,2073.4,26.84,weekday
162,2025-06-12,16552,548,0.0331,105,0.1916,128.98,704.49,5.46,11446,432,0.0377,72,0.1667,150.53,1034.02,6.87,weekday
163,2025-06-13,15631,437,0.028,100,0.2288,105.99,635.42,6.0,10986,348,0.0317,43,0.1236,122.95,820.87,6.68,weekday
164,2025-06-14,9790,329,0.0336,67,0.2036,133.27,563.27,4.23,7453,202,0.0271,18,0.0891,156.99,469.52,2.99,Weekend
165,2025-06-15,9987,385,0.0386,34,0.0883,199.29,549.97,2.76,6847,206,0.0301,53,0.2573,72.15,520.62,7.22,Weekend
166,2025-06-16,16876,815,0.0483,107,0.1313,159.46,1297.96,8.14,12687,276,0.0218,49,0.1775,122.19,415.61,3.4,weekday
167,2025-06-17,13771,223,0.0162,11,0.0493,155.12,57.87,0.37,13080,202,0.0154,33,0.1634,136.88,808.54,5.91,weekday
168,2025-06-18,15761,614,0.039,119,0.1938,196.58,2347.48,11.94,13214,793,0.06,208,0.2623,171.4,3848.47,22.45,weekday
169,2025-06-19,13961,393,0.0281,35,0.0891,132.42,857.34,6.47,11126,350,0.0315,39,0.1114,106.46,483.16,4.54,weekday
170,2025-06-20,14282,210,0.0147,18,0.0857,188.14,113.23,0.6,12152,410,0.0337,75,0.1829,124.03,1434.91,11.57,weekday
171,2025-06-21,12150,510,0.042,120,0.2353,95.44,2602.72,27.27,9402,444,0.0472,46,0.1036,177.4,658.44,3.71,Weekend
172,2025-06-22,9701,215,0.0222,31,0.1442,170.34,711.97,4.18,7050,257,0.0365,55,0.214,167.89,1020.43,6.08,Weekend
173,2025-06-23,13560,461,0.034,112,0.243,181.67,1964.52,10.81,11318,724,0.064,116,0.1602,121.13,1841.41,15.2,weekday
174,2025-06-24,15172,658,0.0434,134,0.2036,133.18,1513.4,11.36,11386,396,0.0348,63,0.1591,70.16,1611.78,22.97,weekday
175,2025-06-25,13516,604,0.0447,62,0.1026,176.9,743.72,4.2,13720,223,0.0163,65,0.2915,94.18,1412.42,15.0,weekday
176,2025-06-26,16585,256,0.0154,16,0.0625,155.73,277.23,1.78,11117,698,0.0628,90,0.1289,128.58,1890.93,14.71,weekday
177,2025-06-27,14126,609,0.0431,90,0.1478,150.44,521.5,3.47,11551,705,0.061,196,0.278,87.79,1347.09,15.34,weekday
178,2025-06-28,12734,573,0.045,43,0.075,166.13,746.0,4.49,8225,202,0.0246,25,0.1238,79.08,371.51,4.7,Weekend
179,2025-06-29,9180,183,0.0199,31,0.1694,125.15,419.06,3.35,9651,184,0.0191,19,0.1033,91.38,517.85,5.67,Weekend
180,2025-06-30,15881,676,0.0426,153,0.2263,141.16,3602.81,25.52,13361,677,0.0507,202,0.2984,160.29,5622.03,35.07,weekday
181,2025-07-01,16566,748,0.0452,64,0.0856,194.91,436.37,2.24,11907,718,0.0603,62,0.0864,124.24,695.85,5.6,weekday
182,2025-07-02,14563,352,0.0242,52,0.1477,191.25,1096.92,5.74,12551,679,0.0541,143,0.2106,164.08,1120.84,6.83,weekday
183,2025-07-03,15208,319,0.021,56,0.1755,120.47,930.89,7.73,13687,478,0.0349,72,0.1506,150.95,1496.18,9.91,weekday
184,2025-07-04,15736,490,0.0311,53,0.1082,196.11,868.34,4.43,13113,380,0.029,98,0.2579,87.87,895.98,10.2,weekday
185,2025-07-05,12621,465,0.0368,95,0.2043,186.61,1450.66,7.77,7346,118,0.0161,33,0.2797,87.08,645.45,7.41,Weekend
186,2025-07-06,12760,143,0.0112,29,0.2028,136.47,319.7,2.34,8007,166,0.0207,38,0.2289,139.4,275.25,1.97,Holiday
187,2025-07-07,16043,430,0.0268,103,0.2395,118.4,1921.75,16.23,12404,303,0.0244,68,0.2244,106.6,940.29,8.82,weekday
188,2025-07-08,14894,149,0.01,9,0.0604,124.26,48.43,0.39,13001,412,0.0317,112,0.2718,164.17,1851.36,11.28,weekday
189,2025-07-09,15753,765,0.0486,79,0.1033,175.05,740.95,4.23,13307,358,0.0269,97,0.2709,99.0,2526.63,25.52,weekday
190,2025-07-10,16625,445,0.0268,94,0.2112,120.51,764.82,6.35,13052,777,0.0595,180,0.2317,113.65,1922.04,16.91,weekday
191,2025-07-11,13510,660,0.0489,59,0.0894,174.1,311.49,1.79,13147,304,0.0231,84,0.2763,167.07,608.94,3.64,weekday
192,2025-07-12,11527,320,0.0278,34,0.1062,136.22,684.59,5.03,9746,214,0.022,21,0.0981,179.72,447.42,2.49,Weekend
193,2025-07-13,11497,351,0.0305,52,0.1481,118.21,688.08,5.82,7487,446,0.0596,51,0.1143,153.87,887.59,5.77,Weekend
194,2025-07-14,13593,482,0.0355,94,0.195,175.92,674.2,3.83,11340,426,0.0376,46,0.108,141.62,317.76,2.24,weekday
195,2025-07-15,16210,396,0.0244,71,0.1793,193.17,402.07,2.08,11409,352,0.0309,105,0.2983,97.64,1150.36,11.78,weekday
196,2025-07-16,15228,307,0.0202,75,0.2443,165.12,581.97,3.52,12313,471,0.0383,65,0.138,127.3,915.26,7.19,weekday
197,2025-07-17,15385,222,0.0144,36,0.1622,153.37,572.56,3.73,11041,701,0.0635,119,0.1698,106.29,997.81,9.39,weekday
198,2025-07-18,14540,494,0.034,50,0.1012,108.46,999.73,9.22,11567,543,0.0469,100,0.1842,167.87,2065.9,12.31,weekday
199,2025-07-19,11001,431,0.0392,50,0.116,194.61,333.19,1.71,10164,257,0.0253,21,0.0817,65.35,178.69,2.73,Weekend
200,2025-07-20,11154,121,0.0108,9,0.0744,149.39,168.77,1.13,8646,415,0.048,110,0.2651,69.98,2779.49,39.72,Weekend
201,2025-07-21,15097,443,0.0293,94,0.2122,180.76,1814.15,10.04,12249,516,0.0421,120,0.2326,109.67,3149.61,28.72,weekday
202,2025-07-22,13914,413,0.0297,60,0.1453,138.41,1393.29,10.07,12192,621,0.0509,120,0.1932,144.12,2342.92,16.26,weekday
203,2025-07-23,16344,796,0.0487,99,0.1244,163.22,1626.29,9.96,12337,222,0.018,41,0.1847,164.6,640.7,3.89,weekday
204,2025-07-24,16954,247,0.0146,42,0.17,199.89,486.94,2.44,13742,388,0.0282,82,0.2113,92.29,2257.1,24.46,weekday
205,2025-07-25,13982,324,0.0232,33,0.1019,192.8,683.43,3.54,12097,285,0.0236,42,0.1474,85.45,1143.63,13.38,weekday
206,2025-07-26,10157,195,0.0192,45,0.2308,110.44,403.84,3.66,10475,198,0.0189,20,0.101,113.33,479.76,4.23,Weekend
207,2025-07-27,12422,419,0.0337,31,0.074,97.77,287.31,2.94,10577,601,0.0568,143,0.2379,65.66,2219.47,33.8,Weekend
208,2025-07-28,16348,235,0.0144,38,0.1617,190.49,626.74,3.29,12641,802,0.0634,186,0.2319,74.0,4732.17,63.95,weekday
209,2025-07-29,14569,480,0.0329,72,0.15,178.1,517.08,2.9,13316,878,0.0659,218,0.2483,179.55,1955.91,10.89,weekday
210,2025-07-30,16879,671,0.0398,35,0.0522,177.43,295.77,1.67,12720,778,0.0612,121,0.1555,91.28,1437.22,15.75,weekday
211,2025-07-31,13623,324,0.0238,36,0.1111,192.61,734.39,3.81,11016,443,0.0402,104,0.2348,128.91,1657.2,12.86,weekday
212,2025-08-01,16686,773,0.0463,185,0.2393,116.86,1198.8,10.26,12918,440,0.0341,122,0.2773,128.85,1879.25,14.58,weekday
213,2025-08-02,12082,198,0.0164,36,0.1818,182.41,836.28,4.58,7437,352,0.0473,82,0.233,148.83,1656.34,11.13,Weekend
214,2025-08-03,11576,367,0.0317,49,0.1335,165.1,864.81,5.24,9141,232,0.0254,40,0.1724,103.89,214.89,2.07,Weekend
215,2025-08-04,15054,380,0.0252,27,0.0711,103.41,196.93,1.9,12008,264,0.022,60,0.2273,63.6,1358.12,21.35,weekday
216,2025-08-05,14886,418,0.0281,31,0.0742,83.58,483.27,5.78,11154,180,0.0161,36,0.2,141.62,827.96,5.85,weekday
217,2025-08-06,16905,351,0.0208,69,0.1966,158.31,1305.72,8.25,11518,784,0.0681,232,0.2959,99.83,4111.87,41.19,weekday
218,2025-08-07,16691,754,0.0452,179,0.2374,119.92,2647.42,22.08,12206,344,0.0282,88,0.2558,71.89,1864.28,25.93,weekday
219,2025-08-08,16576,414,0.025,93,0.2246,125.9,535.75,4.26,12357,600,0.0486,94,0.1567,62.66,2026.8,32.35,weekday
220,2025-08-09,10270,224,0.0218,21,0.0938,149.35,268.03,1.79,8167,516,0.0632,107,0.2074,150.75,2624.68,17.41,Weekend
221,2025-08-10,10142,291,0.0287,52,0.1787,190.51,1041.97,5.47,7608,468,0.0615,114,0.2436,95.36,1305.52,13.69,Weekend
222,2025-08-11,14450,195,0.0135,23,0.1179,155.25,433.53,2.79,10824,667,0.0616,66,0.099,76.92,632.69,8.23,weekday
223,2025-08-12,16598,402,0.0242,38,0.0945,197.17,604.39,3.07,11457,177,0.0154,12,0.0678,91.16,170.46,1.87,weekday
224,2025-08-13,14941,625,0.0418,35,0.056,81.18,559.07,6.89,11285,684,0.0606,142,0.2076,93.84,2136.56,22.77,weekday
225,2025-08-14,17128,284,0.0166,63,0.2218,96.95,1357.01,14.0,11867,437,0.0368,120,0.2746,83.7,2149.16,25.68,weekday
226,2025-08-15,25037,452,0.0181,79,0.1748,126.86,1252.53,9.87,27512,1842,0.067,439,0.2383,64.26,12207.94,189.98,Holiday
227,2025-08-16,12653,214,0.0169,37,0.1729,194.71,769.29,3.95,8390,438,0.0522,64,0.1461,160.13,471.21,2.94,Holiday
228,2025-08-17,11010,462,0.042,70,0.1515,131.3,1141.82,8.7,8052,481,0.0597,50,0.104,72.52,1028.42,14.18,Weekend
229,2025-08-18,16708,658,0.0394,56,0.0851,108.32,907.22,8.38,12467,512,0.0411,96,0.1875,74.4,839.0,11.28,weekday
230,2025-08-19,15682,164,0.0105,13,0.0793,179.01,202.17,1.13,10873,366,0.0337,71,0.194,77.17,1820.76,23.59,weekday
231,2025-08-20,14967,385,0.0257,24,0.0623,191.38,401.94,2.1,11558,411,0.0356,57,0.1387,117.48,725.2,6.17,weekday
232,2025-08-21,15422,754,0.0489,136,0.1804,196.42,2562.84,13.05,11990,748,0.0624,122,0.1631,74.87,2987.24,39.9,weekday
233,2025-08-22,14219,701,0.0493,94,0.1341,110.23,2215.87,20.1,12428,454,0.0365,74,0.163,149.19,1645.67,11.03,weekday
234,2025-08-23,13239,292,0.0221,66,0.226,80.04,920.02,11.49,9379,412,0.0439,81,0.1966,154.07,989.14,6.42,Weekend
235,2025-08-24,11772,415,0.0353,86,0.2072,130.43,490.66,3.76,10288,335,0.0326,43,0.1284,102.8,895.68,8.71,Weekend
236,2025-08-25,16287,299,0.0184,60,0.2007,188.33,488.49,2.59,11340,240,0.0212,61,0.2542,60.62,1173.58,19.36,weekday
237,2025-08-26,16643,379,0.0228,84,0.2216,159.56,505.16,3.17,11689,709,0.0607,182,0.2567,67.05,2416.95,36.05,weekday
238,2025-08-27,17025,628,0.0369,56,0.0892,182.61,804.66,4.41,13428,499,0.0372,127,0.2545,174.14,1602.27,9.2,weekday
239,2025-08-28,16359,486,0.0297,102,0.2099,177.32,1296.51,7.31,12938,816,0.0631,66,0.0809,114.5,848.8,7.41,weekday
240,2025-08-29,14369,388,0.027,24,0.0619,162.86,293.43,1.8,13753,717,0.0521,182,0.2538,147.12,2697.31,18.33,weekday
241,2025-08-30,11578,461,0.0398,25,0.0542,96.91,359.3,3.71,10367,709,0.0684,123,0.1735,157.53,1703.13,10.81,Weekend
242,2025-08-31,8545,381,0.0446,66,0.1732,83.79,1602.2,19.12,7848,405,0.0516,63,0.1556,162.48,801.69,4.93,Weekend
243,2025-09-01,15319,508,0.0332,49,0.0965,160.6,999.05,6.22,11225,606,0.054,97,0.1601,128.32,866.83,6.76,weekday
244,2025-09-02,16687,378,0.0227,68,0.1799,190.66,640.07,3.36,13528,675,0.0499,76,0.1126,112.71,624.44,5.54,weekday
245,2025-09-03,13781,586,0.0425,71,0.1212,182.86,1004.92,5.5,12181,458,0.0376,122,0.2664,153.35,663.5,4.33,weekday
246,2025-09-04,13732,271,0.0197,56,0.2066,107.29,640.85,5.97,11178,628,0.0562,144,0.2293,127.46,3455.93,27.11,weekday
247,2025-09-05,15586,273,0.0175,66,0.2418,178.83,422.69,2.36,12139,406,0.0334,87,0.2143,83.87,439.76,5.24,Holiday
248,2025-09-06,10251,118,0.0115,19,0.161,132.62,278.82,2.1,10355,248,0.0239,61,0.246,82.12,1484.69,18.08,Weekend
249,2025-09-07,10939,260,0.0238,44,0.1692,177.56,224.95,1.27,8163,215,0.0263,18,0.0837,150.14,375.95,2.5,Weekend
250,2025-09-08,14425,704,0.0488,80,0.1136,161.53,425.46,2.63,11054,488,0.0441,108,0.2213,149.06,1457.25,9.78,weekday
251,2025-09-09,16359,716,0.0438,97,0.1355,143.83,605.43,4.21,13781,279,0.0202,29,0.1039,135.05,442.62,3.28,weekday
252,2025-09-10,14535,650,0.0447,101,0.1554,178.24,1762.9,9.89,11708,383,0.0327,46,0.1201,113.69,703.56,6.19,weekday
253,2025-09-11,16814,425,0.0253,90,0.2118,83.73,1666.3,19.9,12663,360,0.0284,38,0.1056,128.11,208.85,1.63,weekday
254,2025-09-12,17075,351,0.0206,63,0.1795,198.05,508.38,2.57,12399,645,0.052,134,0.2078,157.96,2854.51,18.07,weekday
255,2025-09-13,9932,137,0.0138,15,0.1095,140.87,223.35,1.59,10492,713,0.068,196,0.2749,69.38,2691.19,38.79,Weekend
256,2025-09-14,10818,150,0.0139,17,0.1133,165.07,335.52,2.03,8227,124,0.0151,24,0.1935,139.56,265.25,1.9,Weekend
257,2025-09-15,15122,456,0.0302,37,0.0811,152.88,563.67,3.69,13795,450,0.0326,87,0.1933,178.49,1235.03,6.92,weekday
258,2025-09-16,15810,499,0.0316,51,0.1022,167.82,929.73,5.54,12479,281,0.0225,23,0.0819,109.13,489.07,4.48,weekday
259,2025-09-17,16550,410,0.0248,77,0.1878,98.25,1457.66,14.84,12342,288,0.0233,81,0.2812,76.6,738.2,9.64,weekday
260,2025-09-18,14897,344,0.0231,76,0.2209,136.19,1570.79,11.53,12040,516,0.0429,85,0.1647,91.87,1759.96,19.16,weekday
261,2025-09-19,15047,582,0.0387,87,0.1495,88.65,2068.14,23.33,13423,934,0.0696,175,0.1874,166.1,3847.65,23.16,weekday
262,2025-09-20,11598,356,0.0307,20,0.0562,171.1,239.83,1.4,8161,129,0.0158,19,0.1473,97.79,384.54,3.93,Weekend
263,2025-09-21,9230,308,0.0334,30,0.0974,164.06,683.53,4.17,8342,437,0.0524,117,0.2677,164.7,3245.43,19.71,Weekend
264,2025-09-22,14116,225,0.0159,50,0.2222,193.28,842.9,4.36,10884,634,0.0583,124,0.1956,159.62,3022.9,18.94,weekday
265,2025-09-23,14319,370,0.0258,79,0.2135,96.87,968.52,10.0,11169,302,0.027,55,0.1821,167.88,1474.18,8.78,weekday
266,2025-09-24,15305,280,0.0183,24,0.0857,176.45,594.54,3.37,11358,171,0.0151,31,0.1813,159.55,511.93,3.21,weekday
267,2025-09-25,16036,637,0.0397,51,0.0801,137.83,416.67,3.02,11346,709,0.0625,60,0.0846,90.32,1646.42,18.23,weekday
268,2025-09-26,14195,521,0.0367,60,0.1152,133.02,938.09,7.05,10867,549,0.0505,105,0.1913,160.73,1156.2,7.19,weekday
269,2025-09-27,11201,151,0.0135,25,0.1656,109.93,368.42,3.35,8791,521,0.0593,83,0.1593,134.74,1402.78,10.41,Weekend
270,2025-09-28,8983,93,0.0104,20,0.2151,190.86,308.93,1.62,8456,415,0.0491,59,0.1422,65.06,603.76,9.28,Weekend
271,2025-09-29,15134,534,0.0353,129,0.2416,188.8,1983.34,10.5,11272,374,0.0332,53,0.1417,115.55,550.95,4.77,weekday
272,2025-09-30,14372,416,0.0289,48,0.1154,106.25,459.23,4.32,11126,507,0.0456,45,0.0888,132.96,964.76,7.26,weekday
273,2025-10-01,14561,674,0.0463,69,0.1024,175.7,698.51,3.98,13691,258,0.0188,60,0.2326,165.58,1189.79,7.19,weekday
274,2025-10-02,13736,552,0.0402,37,0.067,179.1,442.55,2.47,13012,453,0.0348,134,0.2958,64.6,1903.18,29.46,Holiday
275,2025-10-03,16993,317,0.0187,41,0.1293,132.8,504.49,3.8,11304,338,0.0299,47,0.1391,86.94,567.72,6.53,weekday
276,2025-10-04,10233,349,0.0341,48,0.1375,103.34,883.19,8.55,8983,503,0.056,123,0.2445,69.71,2327.01,33.38,Weekend
277,2025-10-05,11127,287,0.0258,32,0.1115,136.52,299.41,2.19,9304,214,0.023,35,0.1636,85.9,494.28,5.75,Weekend
278,2025-10-06,16026,475,0.0296,66,0.1389,91.37,978.85,10.71,11694,627,0.0536,78,0.1244,114.52,1775.19,15.5,weekday
279,2025-10-07,13752,400,0.0291,58,0.145,94.12,840.13,8.93,13342,587,0.044,143,0.2436,168.98,2920.68,17.28,weekday
280,2025-10-08,14630,331,0.0226,33,0.0997,113.35,458.17,4.04,13462,913,0.0678,111,0.1216,133.96,2604.5,19.44,weekday
281,2025-10-09,13692,346,0.0253,39,0.1127,93.1,699.13,7.51,12757,809,0.0634,100,0.1236,88.42,1282.65,14.51,weekday
282,2025-10-10,15343,282,0.0184,23,0.0816,148.77,478.15,3.21,13404,363,0.0271,33,0.0909,63.78,355.85,5.58,weekday
283,2025-10-11,9509,260,0.0273,61,0.2346,103.96,1062.85,10.22,7480,514,0.0687,87,0.1693,155.51,779.58,5.01,Weekend
284,2025-10-12,10405,365,0.0351,36,0.0986,169.01,321.17,1.9,10013,202,0.0202,60,0.297,130.19,385.6,2.96,Weekend
285,2025-10-13,13597,221,0.0163,14,0.0633,123.07,97.91,0.8,11762,219,0.0186,46,0.21,157.12,504.26,3.21,weekday
286,2025-10-14,15634,780,0.0499,123,0.1577,138.18,1398.86,10.12,11594,404,0.0348,64,0.1584,88.66,1465.17,16.53,weekday
287,2025-10-15,15826,463,0.0293,107,0.2311,93.8,1268.71,13.53,13729,887,0.0646,126,0.1421,127.44,1211.73,9.51,weekday
288,2025-10-16,16709,332,0.0199,57,0.1717,115.07,1274.27,11.07,12601,496,0.0394,146,0.2944,93.17,1840.44,19.75,weekday
289,2025-10-17,15188,374,0.0246,26,0.0695,197.95,485.32,2.45,12173,543,0.0446,62,0.1142,134.09,764.12,5.7,weekday
290,2025-10-18,11572,207,0.0179,27,0.1304,91.43,165.13,1.81,8869,471,0.0531,82,0.1741,75.56,1014.42,13.43,Weekend
291,2025-10-19,11307,149,0.0132,18,0.1208,96.79,239.94,2.48,8239,340,0.0413,29,0.0853,68.85,680.31,9.88,Weekend
292,2025-10-20,34475,1659,0.0481,261,0.1573,195.96,2645.48,13.5,26372,695,0.0264,79,0.1137,88.0,641.4,7.29,Holiday
293,2025-10-21,15463,622,0.0402,111,0.1785,190.09,2532.43,13.32,11072,625,0.0564,107,0.1712,163.19,885.02,5.42,weekday
294,2025-10-22,16865,564,0.0334,82,0.1454,80.21,1827.76,22.79,12608,516,0.0409,84,0.1628,108.89,1564.13,14.36,weekday
295,2025-10-23,16333,638,0.0391,130,0.2038,172.65,2042.82,11.83,11942,394,0.033,74,0.1878,100.02,677.07,6.77,weekday
296,2025-10-24,13682,242,0.0177,53,0.219,165.29,453.3,2.74,13756,748,0.0544,134,0.1791,64.81,1881.94,29.04,weekday
297,2025-10-25,13919,567,0.0407,97,0.1711,150.05,2250.8,15.0,9216,261,0.0283,37,0.1418,75.04,466.1,6.21,Weekend
298,2025-10-26,10892,143,0.0131,31,0.2168,95.52,386.4,4.05,8760,185,0.0211,25,0.1351,110.14,463.73,4.21,Weekend
299,2025-10-27,16401,628,0.0383,110,0.1752,121.34,564.4,4.65,11214,678,0.0605,200,0.295,170.71,3162.71,18.53,weekday
300,2025-10-28,16142,253,0.0157,56,0.2213,147.37,1340.5,9.1,13462,855,0.0635,105,0.1228,162.08,1851.21,11.42,weekday
301,2025-10-29,14130,264,0.0187,33,0.125,168.92,338.79,2.01,13121,690,0.0526,68,0.0986,139.84,451.5,3.23,weekday
302,2025-10-30,16943,387,0.0228,79,0.2041,167.65,497.5,2.97,13356,436,0.0326,115,0.2638,80.96,2680.66,33.11,weekday
303,2025-10-31,13964,674,0.0483,88,0.1306,119.72,786.23,6.57,13275,765,0.0576,153,0.2,133.64,803.57,6.01,weekday
304,2025-11-01,11079,491,0.0443,66,0.1344,134.16,726.56,5.42,10610,268,0.0253,44,0.1642,157.74,1017.62,6.45,Weekend
305,2025-11-02,13453,543,0.0404,108,0.1989,176.94,1482.77,8.38,9516,566,0.0595,42,0.0742,151.5,354.79,2.34,Weekend
306,2025-11-03,15395,248,0.0161,51,0.2056,160.58,863.99,5.38,12300,487,0.0396,124,0.2546,176.15,903.79,5.13,weekday
307,2025-11-04,13732,314,0.0229,61,0.1943,159.73,839.91,5.26,13268,540,0.0407,100,0.1852,86.69,2741.63,31.63,weekday
308,2025-11-05,14963,426,0.0285,72,0.169,93.78,370.78,3.95,11378,306,0.0269,52,0.1699,167.26,280.43,1.68,Holiday
309,2025-11-06,13601,541,0.0398,130,0.2403,160.26,1533.42,9.57,13716,372,0.0271,48,0.129,125.63,294.5,2.34,weekday
310,2025-11-07,13586,150,0.011,33,0.22,171.08,629.55,3.68,12800,715,0.0559,70,0.0979,157.8,1047.49,6.64,weekday
311,2025-11-08,9240,276,0.0299,55,0.1993,165.3,1247.38,7.55,10032,314,0.0313,62,0.1975,121.3,435.93,3.59,Weekend
312,2025-11-09,11738,211,0.018,26,0.1232,122.68,210.4,1.72,8977,563,0.0627,72,0.1279,78.13,1511.02,19.34,Weekend
313,2025-11-10,15230,374,0.0246,21,0.0561,120.47,504.96,4.19,11893,454,0.0382,113,0.2489,163.01,2564.62,15.73,weekday
314,2025-11-11,15103,549,0.0364,128,0.2332,116.11,1785.5,15.38,13185,654,0.0496,148,0.2263,157.23,2961.03,18.83,weekday
315,2025-11-12,14178,533,0.0376,62,0.1163,152.65,466.13,3.05,12105,772,0.0638,219,0.2837,139.31,1803.57,12.95,weekday
316,2025-11-13,16220,786,0.0485,49,0.0623,184.06,903.33,4.91,11957,548,0.0458,141,0.2573,178.6,2766.51,15.49,weekday
317,2025-11-14,16901,445,0.0263,82,0.1843,125.0,1654.18,13.23,13016,309,0.0237,74,0.2395,166.61,384.38,2.31,weekday
318,2025-11-15,10241,215,0.021,24,0.1116,97.72,328.69,3.36,9744,600,0.0616,112,0.1867,132.85,1807.46,13.61,Weekend
319,2025-11-16,12111,306,0.0253,37,0.1209,163.13,402.95,2.47,8346,511,0.0612,128,0.2505,60.97,1744.51,28.61,Weekend
320,2025-11-17,15452,214,0.0138,38,0.1776,120.18,775.79,6.46,13137,327,0.0249,40,0.1223,160.85,590.33,3.67,weekday
321,2025-11-18,15647,758,0.0484,88,0.1161,138.62,952.65,6.87,12356,465,0.0376,100,0.2151,158.17,2137.85,13.52,weekday
322,2025-11-19,17093,709,0.0415,97,0.1368,139.07,2336.59,16.8,13078,359,0.0275,36,0.1003,81.36,453.17,5.57,weekday
323,2025-11-20,14127,597,0.0423,134,0.2245,195.67,3079.56,15.74,11610,429,0.037,115,0.2681,128.21,2592.45,20.22,weekday
324,2025-11-21,14247,683,0.0479,35,0.0512,163.27,406.39,2.49,13310,505,0.0379,138,0.2733,95.73,730.86,7.63,weekday
325,2025-11-22,12687,549,0.0433,124,0.2259,89.07,2474.43,27.78,7910,337,0.0426,35,0.1039,81.73,699.5,8.56,Weekend
326,2025-11-23,10632,332,0.0312,52,0.1566,124.55,762.47,6.12,10645,582,0.0547,50,0.0859,115.12,1245.52,10.82,Weekend
327,2025-11-24,15466,504,0.0326,125,0.248,129.36,2540.16,19.64,12647,359,0.0284,96,0.2674,155.81,1718.99,11.03,weekday
328,2025-11-25,14335,638,0.0445,70,0.1097,184.05,1610.52,8.75,11444,302,0.0264,78,0.2583,71.39,827.27,11.59,weekday
329,2025-11-26,15282,700,0.0458,58,0.0829,150.85,965.12,6.4,12725,758,0.0596,60,0.0792,105.49,707.21,6.7,weekday
330,2025-11-27,15945,557,0.0349,91,0.1634,198.95,1243.75,6.25,13744,882,0.0642,107,0.1213,88.1,2311.8,26.24,weekday
331,2025-11-28,15531,487,0.0314,87,0.1786,81.96,639.82,7.81,11628,754,0.0648,134,0.1777,83.65,694.05,8.3,weekday
332,2025-11-29,11069,140,0.0126,21,0.15,192.51,395.8,2.06,7817,227,0.029,61,0.2687,103.29,1384.53,13.4,Weekend
333,2025-11-30,10938,529,0.0484,30,0.0567,82.59,730.29,8.84,8922,477,0.0535,71,0.1488,161.94,532.83,3.29,Weekend
334,2025-12-01,16289,662,0.0406,51,0.077,102.73,1083.87,10.55,10970,289,0.0263,85,0.2941,114.57,1374.18,11.99,weekday
335,2025-12-02,14159,561,0.0396,56,0.0998,120.68,952.34,7.89,11292,767,0.0679,131,0.1708,129.51,1806.85,13.95,weekday
336,2025-12-03,16006,511,0.0319,39,0.0763,137.6,942.03,6.85,11926,825,0.0692,122,0.1479,101.57,1275.28,12.56,weekday
337,2025-12-04,16197,245,0.0151,46,0.1878,188.66,272.06,1.44,11372,768,0.0675,63,0.082,127.6,732.83,5.74,weekday
338,2025-12-05,17191,595,0.0346,145,0.2437,127.47,1354.76,10.63,13293,729,0.0548,101,0.1385,165.79,1816.93,10.96,weekday
339,2025-12-06,13659,294,0.0215,19,0.0646,106.92,276.13,2.58,8507,246,0.0289,61,0.248,163.41,528.81,3.24,Weekend
340,2025-12-07,9991,361,0.0361,54,0.1496,97.04,424.41,4.37,8049,306,0.038,56,0.183,65.53,1185.57,18.09,Weekend
341,2025-12-08,15257,201,0.0132,49,0.2438,104.13,839.74,8.06,12176,478,0.0393,73,0.1527,115.14,1671.13,14.51,weekday
342,2025-12-09,16591,591,0.0356,39,0.066,113.21,702.56,6.21,13241,671,0.0507,138,0.2057,74.87,3431.82,45.84,weekday
343,2025-12-10,16017,388,0.0242,55,0.1418,199.61,450.74,2.26,10889,415,0.0381,96,0.2313,112.77,1819.49,16.13,weekday
344,2025-12-11,14689,425,0.0289,29,0.0682,81.68,473.38,5.8,11039,710,0.0643,157,0.2211,159.98,3824.84,23.91,weekday
345,2025-12-12,14581,172,0.0118,20,0.1163,189.66,397.61,2.1,11315,768,0.0679,64,0.0833,133.01,1618.71,12.17,weekday
346,2025-12-13,11678,280,0.024,61,0.2179,117.91,1450.93,12.31,9523,647,0.0679,72,0.1113,126.97,826.63,6.51,Weekend
347,2025-12-14,11447,142,0.0124,20,0.1408,153.85,423.17,2.75,8721,385,0.0441,88,0.2286,69.51,2409.68,34.67,Weekend
348,2025-12-15,14585,370,0.0254,31,0.0838,181.05,742.04,4.1,13733,838,0.061,100,0.1193,100.96,2540.08,25.16,weekday
349,2025-12-16,13868,250,0.018,12,0.048,192.31,104.74,0.54,13501,296,0.0219,32,0.1081,168.99,670.96,3.97,weekday
350,2025-12-17,16739,479,0.0286,87,0.1816,178.75,914.43,5.12,10865,574,0.0528,169,0.2944,94.22,2359.8,25.05,weekday
351,2025-12-18,15065,527,0.035,51,0.0968,110.86,778.25,7.02,11131,717,0.0644,199,0.2775,90.95,5017.29,55.17,weekday
352,2025-12-19,13804,421,0.0305,91,0.2162,137.46,1228.5,8.94,11701,606,0.0518,56,0.0924,93.39,1506.36,16.13,weekday
353,2025-12-20,11198,269,0.024,25,0.0929,149.71,447.47,2.99,10041,205,0.0204,48,0.2341,79.92,1023.81,12.81,Weekend
354,2025-12-21,11591,181,0.0156,23,0.1271,142.71,319.94,2.24,11363,433,0.0381,100,0.2309,121.08,803.06,6.63,Weekend
355,2025-12-22,16062,719,0.0448,37,0.0515,149.52,501.12,3.35,12923,416,0.0322,96,0.2308,81.92,2338.08,28.54,weekday
356,2025-12-23,13689,204,0.0149,45,0.2206,114.7,359.86,3.14,12522,591,0.0472,109,0.1844,135.01,1869.22,13.85,weekday
357,2025-12-24,15580,345,0.0221,63,0.1826,113.84,1048.93,9.21,11181,310,0.0277,38,0.1226,179.19,738.3,4.12,weekday
358,2025-12-25,34459,1393,0.0404,256,0.1838,162.44,6380.6,39.28,23332,936,0.0401,195,0.2083,100.81,3034.17,30.1,Holiday
359,2025-12-26,15058,715,0.0475,78,0.1091,112.64,566.03,5.03,12130,451,0.0372,92,0.204,134.44,1457.18,10.84,weekday
360,2025-12-27,13079,558,0.0427,104,0.1864,96.91,2560.8,26.42,9129,533,0.0584,138,0.2589,82.94,2244.2,27.06,Weekend
361,2025-12-28,11369,499,0.0439,120,0.2405,146.94,1713.87,11.66,7913,138,0.0174,18,0.1304,72.47,355.18,4.9,Weekend
362,2025-12-29,17004,654,0.0385,36,0.055,117.27,412.43,3.52,12692,606,0.0477,73,0.1205,101.48,1065.3,10.5,weekday
363,2025-12-30,14432,310,0.0215,71,0.229,110.37,1618.76,14.67,12908,438,0.0339,113,0.258,123.84,599.67,4.84,weekday
364,2025-12-31,15507,307,0.0198,43,0.1401,126.97,845.44,6.66,11381,572,0.0503,103,0.1801,103.3,814.03,7.88,weekday
